%YAML:1.0
---
camera_matrix: !!opencv-matrix
   rows: 3
   cols: 3
   dt: d
   data: [ 6.2040951823160538e+02, 0., 3.2504896849121468e+02, 0.,
       6.2190602947405000e+02, 2.5455050734916367e+02, 0., 0., 1. ]
dist_coeff: !!opencv-matrix
   rows: 1
   cols: 5
   dt: d
   data: [ 6.9609953352033058e-02, 5.6057340619959639e-01,
       1.1227710175017881e-02, 2.1245430595068101e-03,
       -2.3448358996078116e+00 ]
